1.587200164794921875e-02
1.000785827636718750e-02
9.663581848144531250e-03
1.076555252075195312e-02
1.006078720092773438e-02
9.457588195800781250e-03
1.075768470764160156e-02
1.058530807495117188e-02
9.994983673095703125e-03
9.697914123535156250e-03
1.028513908386230469e-02
9.573936462402343750e-03
9.341955184936523438e-03
9.539604187011718750e-03
9.916543960571289062e-03
9.156703948974609375e-03
9.727954864501953125e-03
1.019358634948730469e-02
9.959936141967773438e-03
9.490489959716796875e-03
9.912014007568359375e-03
8.996248245239257812e-03
9.321928024291992188e-03
9.873867034912109375e-03
9.640216827392578125e-03
1.023006439208984375e-02
1.024222373962402344e-02
9.989023208618164062e-03
9.925842285156250000e-03
9.741783142089843750e-03
9.780645370483398438e-03
9.630441665649414062e-03
9.707689285278320312e-03
1.012063026428222656e-02
9.687185287475585938e-03
9.587049484252929688e-03
1.008367538452148438e-02
8.996725082397460938e-03
9.296655654907226562e-03
9.762048721313476562e-03
8.985280990600585938e-03
9.277582168579101562e-03
9.667873382568359375e-03
9.692668914794921875e-03
9.564399719238281250e-03
9.714841842651367188e-03
9.079933166503906250e-03
9.308338165283203125e-03
9.563684463500976562e-03
9.125232696533203125e-03
9.546041488647460938e-03
9.467124938964843750e-03
9.362697601318359375e-03
9.553670883178710938e-03
9.715080261230468750e-03
9.242534637451171875e-03
1.019001007080078125e-02
1.032304763793945312e-02
9.129762649536132812e-03
9.539842605590820312e-03
9.819269180297851562e-03
9.031534194946289062e-03
9.533643722534179688e-03
9.686231613159179688e-03
9.243965148925781250e-03
9.542226791381835938e-03
9.701728820800781250e-03
8.903980255126953125e-03
9.710550308227539062e-03
9.751558303833007812e-03
9.093761444091796875e-03
9.666442871093750000e-03
9.576797485351562500e-03
9.828090667724609375e-03
9.377956390380859375e-03
9.925365447998046875e-03
9.217262268066406250e-03
9.977579116821289062e-03
9.890794754028320312e-03
9.143352508544921875e-03
9.658336639404296875e-03
9.992599487304687500e-03
9.405374526977539062e-03
9.504318237304687500e-03
9.860277175903320312e-03
9.307146072387695312e-03
9.486675262451171875e-03
9.787321090698242188e-03
9.332656860351562500e-03
9.573459625244140625e-03
9.766578674316406250e-03
9.279966354370117188e-03
9.492397308349609375e-03
1.007294654846191406e-02
9.544610977172851562e-03
9.613275527954101562e-03
9.759187698364257812e-03
9.040117263793945312e-03
9.441375732421875000e-03
9.443521499633789062e-03
9.056329727172851562e-03
9.714126586914062500e-03
9.612798690795898438e-03
9.277343750000000000e-03
9.237766265869140625e-03
9.775161743164062500e-03
9.005546569824218750e-03
9.756326675415039062e-03
9.096145629882812500e-03
9.713888168334960938e-03
1.060366630554199219e-02
1.000475883483886719e-02
9.444475173950195312e-03
9.543895721435546875e-03
9.762287139892578125e-03
9.330987930297851562e-03
9.608268737792968750e-03
9.609222412109375000e-03
9.160280227661132812e-03
9.295463562011718750e-03
9.790658950805664062e-03
9.123563766479492188e-03
9.205102920532226562e-03
9.726285934448242188e-03
9.212970733642578125e-03
9.356737136840820312e-03
9.706020355224609375e-03
9.096384048461914062e-03
9.222745895385742188e-03
9.737968444824218750e-03
9.264230728149414062e-03
9.245872497558593750e-03
9.796380996704101562e-03
9.007692337036132812e-03
9.280681610107421875e-03
9.414911270141601562e-03
9.208679199218750000e-03
9.588003158569335938e-03
9.850263595581054688e-03
9.181022644042968750e-03
9.605884552001953125e-03
9.644031524658203125e-03
9.267091751098632812e-03
9.314298629760742188e-03
9.912490844726562500e-03
9.577751159667968750e-03
9.395360946655273438e-03
9.624004364013671875e-03
9.044647216796875000e-03
9.432077407836914062e-03
9.837865829467773438e-03
9.557485580444335938e-03
9.811162948608398438e-03
1.011633872985839844e-02
9.597063064575195312e-03
9.325265884399414062e-03
9.853124618530273438e-03
9.684801101684570312e-03
9.504318237304687500e-03
9.733676910400390625e-03
9.677886962890625000e-03
9.329557418823242188e-03
9.490966796875000000e-03
1.024079322814941406e-02
9.508609771728515625e-03
9.908914566040039062e-03
9.889841079711914062e-03
9.157180786132812500e-03
9.321451187133789062e-03
9.703397750854492188e-03
9.104013442993164062e-03
9.464979171752929688e-03
9.367227554321289062e-03
8.997917175292968750e-03
9.383201599121093750e-03
9.869098663330078125e-03
9.037733078002929688e-03
9.286403656005859375e-03
9.757995605468750000e-03
9.096145629882812500e-03
9.479522705078125000e-03
8.930444717407226562e-03
9.140968322753906250e-03
9.401798248291015625e-03
9.176254272460937500e-03
1.015901565551757812e-02
9.959936141967773438e-03
9.906291961669921875e-03
9.145975112915039062e-03
9.338140487670898438e-03
9.566307067871093750e-03
9.079456329345703125e-03
9.463787078857421875e-03
9.520053863525390625e-03
9.006261825561523438e-03
9.339332580566406250e-03
9.561061859130859375e-03
9.061574935913085938e-03
9.543657302856445312e-03
9.837150573730468750e-03
9.088993072509765625e-03
9.609937667846679688e-03
9.455919265747070312e-03
9.024620056152343750e-03
9.858846664428710938e-03
9.503841400146484375e-03
9.849786758422851562e-03
9.838581085205078125e-03
9.850502014160156250e-03
9.214639663696289062e-03
1.022958755493164062e-02
9.787082672119140625e-03
9.688377380371093750e-03
9.577989578247070312e-03
9.985446929931640625e-03
9.266376495361328125e-03
9.646177291870117188e-03
9.709596633911132812e-03
9.304285049438476562e-03
9.271144866943359375e-03
9.419202804565429688e-03
8.879899978637695312e-03
9.797811508178710938e-03
1.000118255615234375e-02
9.173393249511718750e-03
9.359121322631835938e-03
9.630680084228515625e-03
9.022235870361328125e-03
9.366273880004882812e-03
9.330034255981445312e-03
9.455919265747070312e-03
9.442806243896484375e-03
1.626443862915039062e-02
1.021099090576171875e-02
1.000833511352539062e-02
9.268283843994140625e-03
9.948730468750000000e-03
9.396553039550781250e-03
9.162187576293945312e-03
1.005291938781738281e-02
1.061105728149414062e-02
9.312868118286132812e-03
9.690284729003906250e-03
9.825706481933593750e-03
9.313821792602539062e-03
9.798288345336914062e-03
1.006484031677246094e-02
9.200096130371093750e-03
9.504079818725585938e-03
1.018595695495605469e-02
9.079694747924804688e-03
9.823322296142578125e-03
1.018404960632324219e-02
9.141445159912109375e-03
9.836912155151367188e-03
1.009607315063476562e-02
9.494543075561523438e-03
9.422540664672851562e-03
9.771108627319335938e-03
9.416818618774414062e-03
9.188652038574218750e-03
9.948968887329101562e-03
9.431838989257812500e-03
9.217023849487304688e-03
9.611368179321289062e-03
1.565241813659667969e-02
1.028728485107421875e-02
9.929895401000976562e-03
9.746074676513671875e-03
9.774446487426757812e-03
9.205102920532226562e-03
9.566307067871093750e-03
9.661436080932617188e-03
9.304285049438476562e-03
9.547948837280273438e-03
9.780406951904296875e-03
9.313106536865234375e-03
9.606599807739257812e-03
9.836196899414062500e-03
1.016187667846679688e-02
9.706735610961914062e-03
9.520769119262695312e-03
8.408546447753906250e-03
9.349346160888671875e-03
9.685039520263671875e-03
9.363412857055664062e-03
9.449958801269531250e-03
9.601831436157226562e-03
9.053468704223632812e-03
9.522676467895507812e-03
9.417772293090820312e-03
9.020328521728515625e-03
9.687423706054687500e-03
9.531259536743164062e-03
8.938312530517578125e-03
9.407520294189453125e-03
9.535312652587890625e-03
8.972406387329101562e-03
1.268863677978515625e-02
1.000618934631347656e-02
9.407997131347656250e-03
9.099483489990234375e-03
1.009821891784667969e-02
9.129762649536132812e-03
9.665727615356445312e-03
9.592056274414062500e-03
9.578704833984375000e-03
9.176969528198242188e-03
9.597301483154296875e-03
1.013946533203125000e-02
9.835481643676757812e-03
9.547233581542968750e-03
9.796619415283203125e-03
9.291410446166992188e-03
9.760618209838867188e-03
9.865999221801757812e-03
9.936571121215820312e-03
9.756088256835937500e-03
9.760856628417968750e-03
9.261131286621093750e-03
9.535789489746093750e-03
9.696483612060546875e-03
9.158134460449218750e-03
9.689807891845703125e-03
9.698629379272460938e-03
9.052515029907226562e-03
9.754180908203125000e-03
9.947538375854492188e-03
9.470939636230468750e-03
9.503602981567382812e-03
1.001501083374023438e-02
9.379148483276367188e-03
9.484767913818359375e-03
9.337663650512695312e-03
9.142637252807617188e-03
9.054899215698242188e-03
9.541511535644531250e-03
9.159326553344726562e-03
9.230613708496093750e-03
9.589195251464843750e-03
9.062290191650390625e-03
9.064674377441406250e-03
9.241104125976562500e-03
8.319616317749023438e-03
9.913206100463867188e-03
9.497880935668945312e-03
9.446620941162109375e-03
1.034164428710937500e-02
9.840726852416992188e-03
8.943080902099609375e-03
9.307861328125000000e-03
9.637117385864257812e-03
9.564161300659179688e-03
9.462356567382812500e-03
1.018881797790527344e-02
9.222030639648437500e-03
9.479522705078125000e-03
9.602546691894531250e-03
9.525060653686523438e-03
9.430885314941406250e-03
9.622335433959960938e-03
9.147405624389648438e-03
9.454488754272460938e-03
9.363412857055664062e-03
9.035110473632812500e-03
9.181022644042968750e-03
9.258747100830078125e-03
9.133100509643554688e-03
9.629249572753906250e-03
9.075164794921875000e-03
9.054422378540039062e-03
1.000833511352539062e-02
1.013708114624023438e-02
9.074449539184570312e-03
1.008605957031250000e-02
9.848117828369140625e-03
9.350061416625976562e-03
9.749650955200195312e-03
9.770870208740234375e-03
9.069681167602539062e-03
9.458541870117187500e-03
9.720087051391601562e-03
8.991718292236328125e-03
1.017308235168457031e-02
9.359598159790039062e-03
9.106874465942382812e-03
9.209156036376953125e-03
9.867668151855468750e-03
9.060621261596679688e-03
9.789705276489257812e-03
9.900093078613281250e-03
1.005268096923828125e-02
9.453296661376953125e-03
9.850263595581054688e-03
9.655952453613281250e-03
9.795188903808593750e-03
9.926557540893554688e-03
9.730577468872070312e-03
9.414672851562500000e-03
9.841203689575195312e-03
9.796857833862304688e-03
9.342670440673828125e-03
9.800195693969726562e-03
9.093523025512695312e-03
8.920669555664062500e-03
9.849071502685546875e-03
9.546518325805664062e-03
9.529829025268554688e-03
9.894132614135742188e-03
1.023268699645996094e-02
9.407997131347656250e-03
9.688615798950195312e-03
9.736061096191406250e-03
9.302616119384765625e-03
9.590625762939453125e-03
9.871006011962890625e-03
9.327173233032226562e-03
9.527683258056640625e-03
9.959697723388671875e-03
9.617805480957031250e-03
9.725570678710937500e-03
9.616613388061523438e-03
8.934020996093750000e-03
9.528398513793945312e-03
9.768724441528320312e-03
9.504556655883789062e-03
9.567022323608398438e-03
9.680032730102539062e-03
9.034633636474609375e-03
9.437322616577148438e-03
9.530067443847656250e-03
9.055376052856445312e-03
9.563207626342773438e-03
9.232759475708007812e-03
8.963823318481445312e-03
9.693861007690429688e-03
9.556770324707031250e-03
9.478092193603515625e-03
9.733438491821289062e-03
9.697437286376953125e-03
9.501457214355468750e-03
9.519577026367187500e-03
9.636640548706054688e-03
9.021520614624023438e-03
9.843826293945312500e-03
9.698629379272460938e-03
9.198427200317382812e-03
1.005196571350097656e-02
9.840488433837890625e-03
9.371995925903320312e-03
9.071826934814453125e-03
9.614944458007812500e-03
9.296894073486328125e-03
9.297847747802734375e-03
9.501218795776367188e-03
9.430646896362304688e-03
1.011395454406738281e-02
9.804487228393554688e-03
9.008169174194335938e-03
9.727954864501953125e-03
9.556770324707031250e-03
9.025573730468750000e-03
9.611129760742187500e-03
9.792804718017578125e-03
9.405136108398437500e-03
9.772777557373046875e-03
1.010680198669433594e-02
9.171247482299804688e-03
9.949207305908203125e-03
9.934425354003906250e-03
9.387254714965820312e-03
9.572505950927734375e-03
9.517908096313476562e-03
9.303808212280273438e-03
9.531974792480468750e-03
9.790658950805664062e-03
9.205579757690429688e-03
9.600877761840820312e-03
9.961366653442382812e-03
9.345293045043945312e-03
9.719848632812500000e-03
9.913444519042968750e-03
9.313106536865234375e-03
1.015472412109375000e-02
1.008915901184082031e-02
9.937524795532226562e-03
9.373664855957031250e-03
9.853839874267578125e-03
9.443759918212890625e-03
9.385347366333007812e-03
9.861230850219726562e-03
9.969472885131835938e-03
9.257316589355468750e-03
9.790658950805664062e-03
9.800434112548828125e-03
9.080648422241210938e-03
9.524106979370117188e-03
9.975671768188476562e-03
9.090900421142578125e-03
9.534597396850585938e-03
